2382
4234
4374
5844
7034
8382
9898
10581
11233
11254
14037
14442
15716
16672
18143
21089
22490
25625
26871
27036
27588
27963
28935
29215
30204
30841
31638
32862
33832
33874
34234
35863
36013
37178
37268
37683
40787
41259
41621
42393
42413
44807
46032
50530
50908
53339
53904
54341
55552
56303
57705
58222
59633
59869
60108
60161
60504
61883
61886
64437
64694
64819
66164
66859
67185
67365
71186
71224
72871
74327
74576
74918
75098
77733
79789
80232
80399
81246
86344
86687
87798
87852
88387
89829
91200
94029
94131
94263
94620
95287
95804
95835
95943
96825
97075
98271
99081
99109
102863
105607
106385
106672
107111
107590
108077
110413
111251
113110
114173
114610
114670
117850
118679
121238
122105
122287
122409
122908
123852
124855
127043
128360
128806
129570
131608
131718
132829
132940
132952
133932
134215
134399
136387
139141
140151
141886
142237
143075
144370
147081
147689
149704
149785
150807
151931
153237
154549
154737
156005
156588
157053
158300
159016
160419
161024
161896
161970
162939
163816
163934
166735
168097
170919
171112
171624
172115
172530
172629
172817
173377
174313
174841
177871
179020
180706
181155
184494
192528
194368
194689
194753
197078
200115
201193
201534
201854
202305
202774
202809
203167
204333
207479
207965
208699
209195
209640
210291
213685
213757
213966
214966
215593
216053
216281
216579
216856
217857
218510
219437
219667
222562
222848
223834
225205
225594
226282
227374
229724
229732
233281
234816
235410
236143
237601
238158
238716
242705
244230
244281
244606
245647
246973
247159
247172
247416
247963
248536
251352
254272
254356
254899
254914
255543
255666
256865
257410
257979
258708
258844
259866
260801
262497
262660
262925
263634
264108
265608
265709
265801
266830
268727
269619
271730
272820
273713
274280
274893
276398
276743
277027
279566
279898
280725
281304
281602
281934
282256
284273
285760
291427
292620
294260
296510
297271
298176
298544
299266
299696
301366
301406
302190
303241
306734
307878
309304
309830
311698
312318
313169
314808
315830
318129
318391
318873
319088
319443
320536
321168
322390
323727
324548
324733
329742
331070
331308
331986
332473
333255
333491
334774
336428
337619
338222
338407
339072
339333
341088
342781
343169
343333
344247
344436
345122
346520
347209
347535
348172
348316
348953
352491
352608
353098
353936
355462
355481
358432
358972
359384
360591
361619
361912
363501
364962
365280
366807
374402
375348
376207
376456
377814
377967
378190
379906
381100
381707
383596
384978
385814
386517
386849
387972
389365
389382
389780
390965
393079
396987
399975
400129
400383
400574
400873
401290
401893
402268
402760
402792
403192
404518
405073
406414
407174
408394
411612
411634
412733
413247
413270
413813
414107
415229
415285
416031
416136
416584
418398
418504
418593
419037
419174
420607
420771
421090
421999
422405
422660
423802
425105
425631
425931
425939
426575
426648
427465
428636
429631
433291
433732
434751
435456
435711
437443
439096
439752
441716
442371
442640
442674
442951
443141
443719
444113
444646
445316
446116
446211
447941
448651
448870
449911
450566
451254
451825
456579
456629
457694
458270
458418
459511
460194
460631
460653
460834
460950
461584
462143
462819
463660
468890
469049
469444
470254
472262
473800
473901
475581
475752
477374
477776
479033
479548
479668
483795
484327
484639
485160
487259
488968
490873
491510
493879
494920
496849
497601
502072
505011
506189
506365
508127
508797
509304
509701
510166
511434
513882
514789
514797
514978
515097
515216
515908
518000
518021
520056
521011
522384
522820
523523
523582
523791
524311
525899
526667
527495
528813
530398
530890
533178
534957
536253
537912
538218
539618
541095
541325
543013
543397
544585
545734
546006
547455
548823
549801
549899
550557
552686
554567
554741
554751
557617
558030
558653
561076
562398
562838
564370
565703
566084
569089
571735
571844
571972
573207
574196
576133
576172
576359
578156
579724
579870
584357
584676
585165
585961
586671
587268
587991
588376
591143
591493
591520
592103
592189
593548
593770
594157
594302
595421
595642
599609
600646
600793
601231
601992
604625
606623
607061
607789
613084
613903
614390
615146
616361
616772
617603
618138
619085
621195
623943
624745
625064
626134
627121
628147
629166
630254
631432
631583
633436
633719
633966
636329
636339
636694
637554
638527
639383
639491
641703
642483
642617
645271
647425
648083
648884
649414
650520
650532
651573
652311
653343
653658
653978
656213
656263
658234
660930
662542
663001
663586
667396
667523
668691
669107
669522
670417
671048
671480
673092
673180
673276
673657
677878
677938
678237
679030
679934
680636
680825
680826
680900
680967
681222
681351
681733
683231
684112
686295
686490
688196
688337
688888
690509
690845
691960
692147
692543
693011
693438
695084
695618
695767
696118
697572
699557
700717
701986
702394
704651
704723
705976
706068
706767
707907
708031
708141
709464
709911
715867
716488
716529
716585
716753
717386
717771
718153
718429
720582
721230
722145
722283
723211
725452
725643
725912
726031
726049
726722
728164
729955
730224
733473
733512
736995
740829
741336
742329
742623
744281
746085
746698
746846
748894
749225
751588
755099
756765
758203
758558
758747
758962
759660
760655
761497
762584
763405
763825
767475
767529
767584
770155
772800
775958
776191
778154
781144
783605
784681
789015
791162
791979
792363
792375
792429
794681
795315
797363
800014
800456
800654
800982
801582
803052
803426
803899
803954
804189
804324
804705
807080
807250
808155
808281
809210
809540
809588
810756
816230
817242
817691
817989
818284
818656
821668
822267
824656
825365
825685
826716
827187
828973
829841
832006
832161
832360
833665
834809
836031
836639
837544
838213
839226
839850
841374
841913
842341
842352
842766
844376
844644
845625
846369
848226
848657
850880
851348
851439
853389
853656
854418
855241
856047
856132
857639
857920
858516
861718
861742
861802
864000
864011
866264
866488
867239
867976
868344
869672
871587
872653
872726
873320
873416
876155
877328
877794
877906
878407
878525
879390
881843
882230
882343
884777
885498
886339
887548
887615
888265
888420
888473
890078
890200
891303
891639
892693
893108
894304
895804
896336
897003
897089
897111
898974
900192
901869
902307
902672
902946
903212
904818
905932
906446
910952
911902
913355
913843
914990
916023
916470
917668
918650
918825
919273
919600
920088
920961
922631
923236
923896
924834
928440
928652
929459
929575
930119
931155
931398
932356
933367
934737
935478
935556
935613
937423
939084
942035
943432
943573
944334
945722
946590
948506
950453
951163
952010
952184
952886
953117
953121
953225
953449
954877
954910
958048
959807
960050
960241
960829
962823
965151
966560
966577
966584
968007
968564
968677
969626
969836
970728
971468
971888
972119
972185
972787
973393
975036
978660
978943
982109
982308
983281
983611
985141
986251
987381
989348
989779
989939
991095
991381
991479
993033
995041
995903
996393
997492
997793
997987
998235
998275
